87
77
234
20
64
35
216
37
65
109
62
58
124
64
70
143
199
190
77
51
44
142
37
245
29
35
61
28
111
83
71
55
44
76
212
80
50
54
61
62
193
31
24
40
83
198
152
282
247
213
250
61
218
39
63
103
117
69
81
174
60
46
91
233
107
172
216
95
189
63
80
68
103
78
158
45
112
86
134
67
101
51
76
97
76
103
282
87
150
164
22
123
111
63
235
46
124
41
50
79
83
219
322
15
105
81
70
72
61
107
269
54
109
196
75
83
126
116
231
57
227
178
62
241
41
70
12
20
84
224
168
196
61
225
97
69
96
53
26
91
36
55
60
44
63
44
62
111
148
86
164
135
184
227
83
59
99
37
38
216
82
170
81
149
102
109
