137
194
830
1237
1290
2191
2711
3256
5883
5942
6007
6710
7182
7208
7249
8870
8976
10474
11604
11835
12157
12338
13008
13210
13606
13837
14365
14950
15011
16371
16589
16627
16915
17655
19037
19328
20033
20286
23244
24162
24163
24820
24917
25623
25805
26013
26937
27092
27869
28974
30382
30624
30960
31015
31040
31411
31695
31976
32346
32604
32628
32716
32827
32877
33484
36437
37421
37737
38253
38684
39248
39737
40650
40738
40762
41283
41409
41528
42094
42460
43467
43510
43627
44715
44808
46928
47599
48425
48472
48786
48846
49576
49915
51261
51884
52668
52899
53625
53668
53851
55748
56007
56841
57146
57543
57648
58284
58549
58668
59384
59550
59751
60096
62728
63106
64137
64176
65023
65416
65581
65758
67178
70058
71370
73329
73913
75413
75953
76942
77174
78043
79098
80342
80475
80578
80822
80984
81152
82005
82665
83964
84246
85343
86191
86274
86289
86652
86693
86825
87809
88324
88549
88920
89778
89865
89968
90604
91843
91922
95017
95417
95643
97341
98944
99380
99895
100336
102570
103024
103276
103573
103879
103915
104478
104487
105435
105733
105819
107603
107779
107968
108072
108457
109163
109488
109613
109979
110237
110940
111636
111960
112040
113461
114189
114245
114409
114893
115347
116161
116471
117312
118300
118983
119451
119665
120471
123908
124318
124510
124758
125305
125399
127447
127717
129089
129791
130222
131567
131711
132090
132489
132947
133481
134510
135560
135812
135897
135958
136011
136269
136619
136999
137027
137231
138280
138371
138735
138824
139185
140372
141204
141669
142024
143535
143970
144003
144038
144698
145305
146373
147468
147669
148494
148733
148762
148783
148969
149901
151095
152110
152118
152704
152785
153781
154061
154267
154944
155094
155354
156233
157785
158216
158885
159861
161036
161910
162135
163424
163881
163923
164005
164712
165161
166619
167624
167637
167717
168214
169986
170098
170158
171525
172292
172851
173048
173723
173892
173970
174664
175114
176045
176783
177321
179710
179844
180515
180805
183946
184532
185093
185426
185530
186617
186805
189253
189897
190686
190713
191874
191910
192634
193970
194459
194504
194511
194525
199181
201178
201685
202266
202362
202492
204128
204428
204432
204481
204893
207385
207665
208233
209353
209452
209924
210418
210440
210770
211153
211317
211846
212019
212246
212983
213339
213644
213680
214446
214505
214963
215242
216256
216378
216417
216469
216599
216768
217142
218176
218183
218934
218962
219008
219106
219193
219241
219714
219878
221600
222944
223529
224306
224837
224928
225109
225475
226235
227234
228339
228949
229921
230195
230212
230920
231625
232053
233629
235185
235954
236147
236195
236378
236716
237941
238497
240032
240212
240243
241789
242069
243081
244519
245542
245636
246763
247966
248150
250152
250722
251032
251339
251365
251759
252204
252639
253654
254890
254908
256077
257633
258268
258313
258424
258598
259003
259161
259323
261396
261573
261611
262148
262193
262389
262820
263997
265232
265262
265612
265738
267712
268392
268415
271671
271808
272112
272626
273559
274817
276756
276937
277491
277791
277911
278304
278727
279534
279793
280721
281007
281583
281856
282134
282553
285046
285345
285418
288046
288426
289619
289764
290520
290853
291143
291666
292968
293205
293282
294722
296597
296770
298076
298104
298188
298445
299275
299343
300240
300257
301515
301977
302618
302719
303285
303781
304331
304685
305046
305534
305973
306327
306523
307372
308592
308645
309606
310704
312645
312900
312937
313498
313883
314257
314783
315241
317420
318618
318625
320368
320553
320711
320801
321003
321950
322076
322356
323602
324168
324638
326045
326371
326455
326581
326677
327983
328136
328432
330463
330479
330719
332065
332142
333198
333468
334213
334844
334859
336153
336226
336765
337972
340314
341058
341123
341661
342301
342686
343630
344021
345003
345357
345539
345745
346200
346390
347333
348320
348400
348456
348526
348688
348778
348875
349164
350994
351426
351816
353294
353344
353950
354281
354322
355055
355085
355338
356005
357011
357433
357501
357829
357892
358199
358323
358722
359556
360591
361141
361496
361810
361859
364838
365212
365322
365643
365658
365756
367589
368120
368416
368593
368802
370195
370793
371934
371949
372871
373787
373832
374601
374622
376717
378113
378293
378361
378727
379216
379453
379648
380010
381352
381761
382377
382834
383613
383902
384165
384250
384958
385187
386180
386511
386832
387352
387893
388224
388227
388324
390735
391082
392449
392823
393105
395520
397715
399310
400864
401812
402058
402639
402661
403300
403340
403539
404131
404674
406742
406975
407717
408478
409719
410252
410646
415246
417002
417437
417600
417616
417826
417871
418420
419143
419385
419651
420238
420556
422064
423461
423717
424499
426602
427128
427637
427908
428448
429002
429530
429844
429886
429893
431995
432536
434002
434783
434890
435953
436308
438146
438383
438493
438578
438889
439703
440156
440173
442677
442769
445637
446251
447268
447603
447855
448129
448400
448412
449239
450087
450512
450519
451687
452117
452987
454415
455153
455238
456181
456213
458031
458361
458367
458508
459905
460054
460173
461551
462413
462697
463877
464180
464181
465545
466124
466138
466957
467082
468404
470168
470187
471502
471802
472772
473258
474012
474959
475037
476284
477105
477379
477591
478780
479296
479414
479918
479930
480053
480150
480668
481495
482666
482902
483223
483223
485893
485986
486236
486708
487208
489297
489911
490241
491273
491356
491423
491694
492134
492750
494095
494342
495066
495762
496225
496841
497246
497262
497941
498300
498422
499096
499320
500270
500411
500460
501512
503536
504558
504962
505230
505231
505335
506290
506324
507575
509643
510570
510707
511407
512114
512399
512443
513922
514030
514338
514523
515202
516862
517442
517524
517653
518322
518958
519331
520119
520309
520342
521584
522337
522659
522676
522742
522907
523152
524077
524823
525562
526936
529356
531283
531763
532697
533064
533437
533916
535213
538151
539286
539326
540085
540597
541224
541320
541558
541862
542103
543615
543886
543987
544005
545454
546228
547082
547219
547543
549556
549576
549895
550131
550769
551095
551280
554732
554909
555402
556016
557876
558001
558578
559751
560811
560895
560979
561082
561868
562135
562633
562635
563830
564064
564109
564995
566684
566911
567567
567666
569594
570330
570603
570848
571385
572115
572435
572674
572701
572710
574309
574397
574508
574999
575014
575023
575064
575614
575664
575889
576775
576882
576953
577196
579679
580105
582491
582551
582653
582663
583802
585081
585487
585610
585992
586527
586716
587808
588243
588587
589057
589221
589590
589953
590236
591261
593419
594483
595320
596193
597203
598605
600388
600454
600508
601009
603477
603674
605021
606938
606991
607624
611617
611681
612761
613250
613517
613703
613804
614866
615602
616003
616644
617609
617686
618554
619806
620252
620667
620981
621390
622129
622387
623195
623235
623431
624256
626034
626825
627245
627329
627606
627692
627697
627764
627904
627990
628535
628583
628677
629158
629288
629368
629390
630843
631163
632446
632682
633836
634228
634574
634994
635265
635802
639179
639247
639418
641149
641469
642088
643351
643810
644550
644572
644942
645610
645622
645681
646403
646799
647262
648354
649208
649535
649971
652495
652538
652817
653089
653878
653984
654152
655993
656358
656555
657925
659269
660970
662033
662047
662159
662402
662553
663033
663139
664330
664766
665964
668003
668286
668572
670143
670261
671053
671176
671399
671489
671861
672052
672233
672425
672623
673746
674963
675244
675448
675513
675682
676939
677088
677381
677473
677501
677886
678892
678985
679451
681303
681474
682539
683245
683330
683411
685296
685451
687252
687293
687298
687610
688471
690177
690198
690761
691772
692647
694204
694511
694681
695337
695797
695869
696052
696657
697211
698108
698257
699681
699687
699977
700862
701421
701492
701958
703580
703890
704911
706366
706675
707309
708007
708856
709234
709280
710115
710654
711783
711874
712969
713076
713285
713841
714146
714536
715922
716431
716445
717200
718875
720617
720970
721006
721192
721519
721740
722222
722665
723718
724848
726389
727283
727357
727358
727650
727686
728507
729157
729285
729366
730490
730673
731429
732038
733664
733782
734151
734268
734977
735409
735884
738106
738405
740359
741002
741068
741216
741337
742545
742858
744014
744389
744438
744921
745267
745542
747833
748618
749256
749812
750039
751320
751880
751945
752312
753423
754770
755120
755580
756061
756226
756290
757516
757974
758307
759194
759988
760604
760836
761825
762355
762483
763048
763494
763974
765363
766172
766708
767021
767268
767471
768224
769163
769226
771770
771794
773761
773955
774221
775674
775706
775868
776323
776326
776455
777748
780435
780526
782750
782881
783560
783643
785036
785297
785681
786045
786307
787905
787951
788473
789306
789929
790417
790664
791149
791259
791875
792323
792331
792985
793020
793759
793762
795978
796178
798110
798678
798788
799399
799701
799717
799758
799836
799965
801330
801634
802217
802456
802932
804586
804804
806249
806353
806615
807453
807841
808202
809874
811048
811594
811911
811912
812097
812169
812301
813030
814339
814712
814734
815577
815647
816645
816722
817284
817284
817320
817570
817826
818582
819175
819189
821025
821868
822077
822391
823055
824077
824454
826209
826399
826677
826956
827482
828354
828410
829974
830034
830661
830759
831036
832160
832316
832451
832679
833474
833936
834683
834758
834910
834965
835731
836090
836501
837253
837255
837453
837819
837922
838292
838653
840153
840167
844371
845197
845849
846954
847622
848158
848810
849745
853153
853519
857494
857713
857997
858244
858412
858833
859170
860047
862036
862263
863284
864697
864876
865167
866564
866865
866940
867088
867757
870060
870945
871595
871754
872396
873900
874296
875126
875811
876115
877679
878758
879422
879629
880349
880470
880980
881532
881787
884008
884508
884988
885069
885494
885799
886328
887537
888294
888384
891644
894225
895224
896675
897554
899286
900641
901590
902144
902683
904613
904768
905375
906235
906241
906390
906483
906518
906691
908608
908856
909429
910894
910946
910967
912403
912539
912546
913491
915803
915824
915957
916201
917112
917144
919353
920500
920572
920668
920765
921161
921200
921252
921570
921581
922486
922594
922694
923077
923220
923775
924334
925718
926032
926195
926555
926923
927089
928033
929009
929297
929537
930376
930827
932731
933235
933444
933499
933961
934004
934050
935344
935745
936062
936115
936411
936833
937027
938475
940378
940540
941462
941653
943739
946301
946429
946798
948060
949438
949463
949611
950060
951686
951739
952623
953628
953990
954079
954849
955827
955858
956524
957072
957548
957789
959094
959248
959410
959700
959788
960329
961499
961575
961841
961878
962800
963867
964383
964405
965764
967606
967634
967831
968074
968391
968988
969159
969303
969893
970008
970474
970770
971130
971224
972263
972353
972894
974360
974903
975793
976237
976884
977240
978702
979715
980089
980378
980820
980834
981714
982060
982918
982981
983037
983141
983575
984117
984387
984526
984672
984733
985349
985870
986113
987232
987402
987422
988545
989163
989309
989346
989402
989565
990391
991311
991478
991502
992115
992199
992536
993451
994303
994505
994558
994776
995260
996294
997382
997518
997795
997796
1000117
1001301
1002759
1004768
1005854
1006109
1007202
1007288
1007594
1007722
1007880
1009736
1010485
1011216
1012037
1012410
1012466
1012935
1013423
1013495
1013639
1014494
1014567
1015081
1015473
1015534
1016353
1019438
1019631
1021025
1021602
1022863
1023153
1023993
1024471
1026912
1027092
1027641
1028185
1028260
1028658
1029701
1031228
1031707
1032628
1032649
1032789
1033849
1034332
1035358
1035541
1035547
1036461
1037370
1038227
1039373
1039421
1040090
1040807
1041864
1042393
1042432
1042441
1042863
1043222
1043461
1043554
1043972
1044162
1044253
1045848
1046138
1046472
1046652
1046733
1048242
1048789
1049015
1049621
1051197
1051478
1052468
1053875
1054243
1054890
1055589
1056970
1058359
1058439
1058485
1059180
1059621
1060035
1060124
1060703
1061459
1062536
1065360
1065513
1066882
1067017
1067128
1067582
1067817
1068321
1068441
1068882
1069786
1070976
1071385
1072656
1073035
1073566
1073884
1074417
1074480
1075454
1075501
1076015
1076766
1077804
1077841
1078135
1078223
1079322
1079641
1080650
1081344
1081443
1082147
1083211
1083805
1084147
1085149
1085826
1086251
1087056
1087589
1090213
1091275
1093163
1094059
1095667
1095763
1096126
1096374
1097336
1097561
1098007
1098448
1099805
1100097
1101462
1101517
1104096
1104920
1107542
1107554
1107613
1108248
1108666
1109193
1109348
1112170
1112194
1114192
1114209
1116605
1117016
1117339
1118165
1118389
1118452
1118565
1118728
1119555
1120127
1120214
1120555
1120562
1120716
1121705
1122044
1122659
1123713
1123744
1124277
1125153
1126468
1126829
1127860
1129733
1129857
1130354
1132852
1132896
1135536
1135620
1136991
1137097
1137474
1137935
1138605
1138870
1140461
1140473
1142253
1142314
1142646
1142693
1142882
1142950
1143322
1144446
1144677
1145329
1146166
1147261
1147513
1148701
1148902
1148910
1150042
1150090
1150969
1151252
1151503
1151922
1152462
1152472
1152657
1152889
1153531
1155493
1156827
1157346
1157659
1160041
1160513
1160709
1160871
1161558
1161903
1162343
1162672
1163197
1163341
1163535
1164166
1164441
1164787
1164857
1164965
1165929
1165935
1166104
1166692
1166938
1167701
1167772
1167968
1168051
1169029
1169980
1171447
1171622
1172169
1172250
1173205
1173281
1175461
1175998
1176193
1177247
1177393
1177633
1177755
1177887
1178093
1178537
1179079
1180044
1181490
1181930
1182356
1182835
1183338
1183662
1183850
1186502
1186511
1186746
1186864
1186882
1187444
1188358
1188793
1189480
1189584
1189827
1189975
1191584
1191651
1191849
1191924
1192020
1192165
1192461
1192603
1193074
1193286
1194061
1194087
1194803
1195011
1197472
1198132
1198762
1199170
1199203
1199652
1199745
1201579
1201665
1202271
1202654
1203188
1203511
1204075
1205491
1207040
1207043
1207622
1207918
1208032
1208708
1208992
1210190
1210717
1211582
1211592
1212702
1213044
1213283
1214575
1215068
1215078
1215507
1216633
1216708
1217047
1217169
1217812
1218031
1218340
1218661
1220117
1221273
1221628
1223727
1226222
1226436
1227413
1228062
1228290
1228694
1229016
1229700
1230268
1230434
1232176
1234473
